-5.00 -4.00    9.77394    5.48712    3.61496       -57.3331870000   +1.0091838809
-2.00 -1.00   10.08259    5.65860    3.61496       -57.4409550000   +0.9363980334
-2.00 +1.00   10.08259    5.77291    3.61496       -57.3427100000   +0.9555686992
-3.00 -3.00    9.97971    5.54428    3.61496       -57.4680020000   +0.9448945625
-5.00 +0.00    9.77394    5.71575    3.61496       -57.4110870000   +0.9386141037
+0.00 +0.00   10.28836    5.71575    3.61496       -57.2935550000   +0.9841821532
-2.00 +0.00   10.08259    5.71575    3.61496       -57.3990650000   +0.9432751244
-3.00 -2.00    9.97971    5.60144    3.61496       -57.4690920000   +0.9348215554
-1.00 +0.00   10.18547    5.71575    3.61496       -57.3552420000   +0.9602656346
+0.00 -2.00   10.28836    5.60144    3.61496       -57.4027180000   +0.9610804373
-5.00 -2.00    9.77394    5.60144    3.61496       -57.4057720000   +0.9598722138
+0.00 -3.00   10.28836    5.54428    3.61496       -57.4347020000   +0.9582045244
-1.00 -4.00   10.18547    5.48712    3.61496       -57.4728370000   +0.9527845410
+0.00 -1.00   10.28836    5.65860    3.61496       -57.3554370000   +0.9698889208
-1.00 +1.00   10.18547    5.77291    3.61496       -57.2886480000   +0.9763214202
-2.00 -3.00   10.08259    5.54428    3.61496       -57.4779450000   +0.9409203597
-5.00 -3.00    9.77394    5.54428    3.61496       -57.3779650000   +0.9808822214
-3.00 +1.00    9.97971    5.77291    3.61496       -57.3781520000   +0.9419636173
-5.00 -1.00    9.77394    5.65860    3.61496       -57.4166900000   +0.9459007858
-3.00 -4.00    9.97971    5.48712    3.61496       -57.4506360000   +0.9617506831
-3.00 -1.00    9.97971    5.65860    3.61496       -57.4541290000   +0.9312387810
-4.00 -2.00    9.87682    5.60144    3.61496       -57.4490750000   +0.9427406810
-2.00 -4.00   10.08259    5.48712    3.61496       -57.4731600000   +0.9526540936
-2.00 -2.00   10.08259    5.60144    3.61496       -57.4674300000   +0.9354790759
-4.00 +0.00    9.87682    5.71575    3.61496       -57.4278280000   +0.9321234907
-5.00 +1.00    9.77394    5.77291    3.61496       -57.3899660000   +0.9374285900
-3.00 +0.00    9.97971    5.71575    3.61496       -57.4236740000   +0.9337340281
+0.00 -4.00   10.28836    5.48712    3.61496       -57.4521570000   +0.9611364089
-4.00 -3.00    9.87682    5.54428    3.61496       -57.4347890000   +0.9581697506
-1.00 -3.00   10.18547    5.54428    3.61496       -57.4665220000   +0.9454861164
+0.00 +1.00   10.28836    5.77291    3.61496       -57.2175670000   +1.0036072063
-1.00 -1.00   10.18547    5.65860    3.61496       -57.4074320000   +0.9495264393
-4.00 +1.00    9.87682    5.77291    3.61496       -57.3942690000   +0.9357768020
-1.00 -2.00   10.18547    5.60144    3.61496       -57.4446800000   +0.9444794309
-4.00 -1.00    9.87682    5.65860    3.61496       -57.4465880000   +0.9341920163
-4.00 -4.00    9.87682    5.48712    3.61496       -57.4044780000   +0.9803921491
