x = [
-5.0,
-5.0,
-5.0,
-5.0,
-5.0,
-5.0,
-4.0,
-4.0,
-4.0,
-4.0,
-4.0,
-4.0,
-3.0,
-3.0,
-3.0,
-3.0,
-3.0,
-3.0,
-2.0,
-2.0,
-2.0,
-2.0,
-2.0,
-2.0,
-1.0,
-1.0,
-1.0,
-1.0,
-1.0,
-1.0,
+0.0,
+0.0,
+0.0,
+0.0,
+0.0,
+0.0]
y = [
-4.0,
-3.0,
-2.0,
-1.0,
+0.0,
+1.0,
-4.0,
-3.0,
-2.0,
-1.0,
+0.0,
+1.0,
-4.0,
-3.0,
-2.0,
-1.0,
+0.0,
+1.0,
-4.0,
-3.0,
-2.0,
-1.0,
+0.0,
+1.0,
-4.0,
-3.0,
-2.0,
-1.0,
+0.0,
+1.0,
-4.0,
-3.0,
-2.0,
-1.0,
+0.0,
+1.0]
E = [
-57.333187,
-57.377965,
-57.405772,
-57.41669,
-57.411087,
-57.389966,
-57.404478,
-57.434789,
-57.449075,
-57.446588,
-57.427828,
-57.394269,
-57.450636,
-57.468002,
-57.469092,
-57.454129,
-57.423674,
-57.378152,
-57.47316,
-57.477945,
-57.46743,
-57.440955,
-57.399065,
-57.34271,
-57.472837,
-57.466522,
-57.44468,
-57.407432,
-57.355242,
-57.288648,
-57.452157,
-57.434702,
-57.402718,
-57.355437,
-57.293555,
-57.217567]
