-5.0 -4.0 -57.333187
-5.0 -3.0 -57.377965
-5.0 -2.0 -57.405772
-5.0 -1.0 -57.41669
-5.0 +0.0 -57.411087
-5.0 +1.0 -57.389966

-4.0 -4.0 -57.404478
-4.0 -3.0 -57.434789
-4.0 -2.0 -57.449075
-4.0 -1.0 -57.446588
-4.0 +0.0 -57.427828
-4.0 +1.0 -57.394269

-3.0 -4.0 -57.450636
-3.0 -3.0 -57.468002
-3.0 -2.0 -57.469092
-3.0 -1.0 -57.454129
-3.0 +0.0 -57.423674
-3.0 +1.0 -57.378152

-2.0 -4.0 -57.47316
-2.0 -3.0 -57.477945
-2.0 -2.0 -57.46743
-2.0 -1.0 -57.440955
-2.0 +0.0 -57.399065
-2.0 +1.0 -57.34271

-1.0 -4.0 -57.472837
-1.0 -3.0 -57.466522
-1.0 -2.0 -57.44468
-1.0 -1.0 -57.407432
-1.0 +0.0 -57.355242
-1.0 +1.0 -57.288648

+0.0 -4.0 -57.452157
+0.0 -3.0 -57.434702
+0.0 -2.0 -57.402718
+0.0 -1.0 -57.355437
+0.0 +0.0 -57.293555
+0.0 +1.0 -57.217567
